66
109
152
15
109
156
127
66
98
98
6
17
127
39
211
36
29
59
159
49
130
149
18
56
222
37
88
61
146
37
115
121
187
157
94
67
185
44
129
35
52
46
21
196
211
109
41
151
111
219
111
51
26
167
190
83
92
128
159
109
158
142
97
150
137
251
71
112
195
149
78
75
42
126
33
205
100
85
266
77
181
176
190
55
75
34
161
171
24
29
16
49
73
106
87
105
68
145
17
142
45
91
39
214
98
82
102
268
25
223
49
282
153
23
111
57
54
103
76
46
36
192
50
160
38
52
179
47
173
40
83
130
19
219
40
68
229
109
107
141
70
108
137
140
176
32
102
41
80
219
108
123
51
50
24
98
107
64
168
29
30
49
166
165
175
83
271
196
66
73
56
97
80
29
66
84
32
36
31
114
58
81
44
203
114
103
116
38
56
189
181
115
155
135
128
131
178
27
113
151
14
206
159
72
68
143
53
52
146
194
113
40
22
23
133
150
163
114
72
101
78
105
70
168
124
70
24
99
36
84
189
72
118
75
263
207
221
50
116
56
195
42
139
71
213
100
128
155
61
87
61
113
152
122
218
67
62
35
25
264
242
108
50
214
205
128
121
116
161
179
97
30
99
122
80
210
59
97
199
215
151
47
187
88
66
176
63
170
194
102
54
160
98
97
12
266
85
205
132
121
98
49
212
60
119
36
250
196
164
120
220
68
108
28
47
75
243
87
128
138
120
114
233
188
151
23
19
87
78
134
161
110
91
108
161
106
134
144
82
170
207
179
278
271
64
67
210
112
95
90
93
30
80
33
157
185
218
65
130
145
132
49
26
251
156
47
81
160
82
135
127
49
82
40
172
24
61
247
106
257
113
62
45
28
34
168
35
153
34
96
126
39
227
164
122
198
207
112
250
37
46
180
58
147
106
107
165
100
57
109
114
212
195
71
101
161
34
127
82
163
176
104
29
161
46
50
53
39
19
14
120
114
127
135
244
245
10
249
246
102
35
152
39
87
102
210
94
131
97
200
190
72
31
133
163
82
99
69
241
141
51
132
74
167
65
171
132
131
101
111
62
38
234
19
149
114
80
130
58
35
47
265
58
83
301
178
82
118
46
104
13
131
19
137
35
75
130
83
104
163
105
131
173
169
120
149
134
115
128
82
103
64
94
217
38
171
133
18
70
89
120
45
204
85
140
134
189
155
93
84
256
51
64
64
185
104
101
29
36
85
162
32
97
93
72
56
68
191
29
71
86
127
91
87
76
118
252
151
125
93
98
70
169
84
167
92
200
178
99
88
105
219
63
141
14
109
73
79
78
65
45
219
81
130
94
61
40
40
23
44
109
142
23
45
57
167
77
102
118
71
134
98
34
57
39
90
151
50
238
29
156
172
265
227
97
190
53
176
148
37
12
76
107
30
97
153
133
103
174
213
40
99
235
99
120
32
77
118
56
101
148
25
41
140
38
83
102
153
219
77
107
24
83
51
101
62
158
125
186
119
42
49
75
106
112
60
152
123
56
77
87
150
164
131
49
86
47
50
60
119
45
105
54
135
186
97
135
115
203
132
60
185
221
45
23
57
67
77
163
215
64
121
45
160
96
141
18
107
101
57
105
125
127
240
22
212
33
159
13
137
72
48
134
17
132
58
78
123
92
44
122
165
93
30
90
69
277
59
127
45
97
36
42
48
35
196
97
127
126
73
23
45
191
243
174
113
119
147
81
98
57
120
79
93
173
135
81
221
109
28
60
182
58
211
24
182
83
25
258
107
36
41
36
166
97
89
155
161
21
29
55
123
40
235
98
117
23
137
80
44
56
153
36
52
73
90
240
121
38
91
17
87
135
161
40
88
87
63
154
67
150
133
169
150
88
28
31
111
42
52
51
181
264
106
48
94
63
181
109
142
21
174
71
103
168
36
118
110
33
66
110
238
13
88
69
166
66
65
61
47
68
111
176
38
57
106
15
78
203
65
80
26
98
177
95
172
176
81
56
266
45
82
108
140
75
103
126
31
90
100
76
263
117
99
67
82
179
129
286
117
131
26
35
70
208
30
128
164
138
135
172
59
84
81
196
170
102
198
107
41
40
135
50
218
99
37
90
90
83
239
159
150
18
229
153
175
98
110
22
195
89
100
38
105
171
193
92
130
143
88
227
227
120
106
35
182
98
170
175
189
87
130
222
100
73
40
133
160
70
18
98
257
53
249
113
90
62
141
87
180
85
93
25
94
140
173
24
47
224
160
19
157
105
122
64
65
104
82
115
26
